57.0 85.0 127.0 190.0 285.0 427.0 640.0 960.0 1440.0 2160.0 57.0 85.0 127.0 190.0 285.0 427.0 640.0 960.0 1440.0 2160.0 57.0 85.0 127.0 190.0 285.0 427.0 640.0 960.0 1440.0 2160.0
60.0 90.0 135.0 202.0 303.0 454.0 681.0 1021.0 1531.0 2296.0 60.0 90.0 135.0 202.0 303.0 454.0 681.0 1021.0 1531.0 2296.0 60.0 90.0 135.0 202.0 303.0 454.0 681.0 1021.0 1531.0 2296.0
64.0 96.0 144.0 216.0 324.0 486.0 729.0 1093.0 1639.0 2458.0 64.0 96.0 144.0 216.0 324.0 486.0 729.0 1093.0 1639.0 2458.0 64.0 96.0 144.0 216.0 324.0 486.0 729.0 1093.0 1639.0 2458.0
68.0 102.0 153.0 229.0 343.0 514.0 771.0 1156.0 1734.0 2601.0 68.0 102.0 153.0 229.0 343.0 514.0 771.0 1156.0 1734.0 2601.0 68.0 102.0 153.0 229.0 343.0 514.0 771.0 1156.0 1734.0 2601.0
72.0 108.0 162.0 243.0 364.0 546.0 819.0 1228.0 1842.0 2763.0 72.0 108.0 162.0 243.0 364.0 546.0 819.0 1228.0 1842.0 2763.0 72.0 108.0 162.0 243.0 364.0 546.0 819.0 1228.0 1842.0 2763.0
76.0 114.0 171.0 256.0 384.0 576.0 864.0 1296.0 1944.0 2916.0 76.0 114.0 171.0 256.0 384.0 576.0 864.0 1296.0 1944.0 2916.0 76.0 114.0 171.0 256.0 384.0 576.0 864.0 1296.0 1944.0 2916.0
81.0 121.0 181.0 271.0 406.0 609.0 913.0 1369.0 2053.0 3079.0 81.0 121.0 181.0 271.0 406.0 609.0 913.0 1369.0 2053.0 3079.0 81.0 121.0 181.0 271.0 406.0 609.0 913.0 1369.0 2053.0 3079.0
86.0 129.0 193.0 289.0 433.0 649.0 973.0 1459.0 2188.0 3282.0 86.0 129.0 193.0 289.0 433.0 649.0 973.0 1459.0 2188.0 3282.0 86.0 129.0 193.0 289.0 433.0 649.0 973.0 1459.0 2188.0 3282.0
91.0 136.0 204.0 306.0 459.0 688.0 1032.0 1548.0 2322.0 3483.0 91.0 136.0 204.0 306.0 459.0 688.0 1032.0 1548.0 2322.0 3483.0 91.0 136.0 204.0 306.0 459.0 688.0 1032.0 1548.0 2322.0 3483.0
96.0 144.0 216.0 324.0 486.0 729.0 1093.0 1639.0 2458.0 3687.0 96.0 144.0 216.0 324.0 486.0 729.0 1093.0 1639.0 2458.0 3687.0 96.0 144.0 216.0 324.0 486.0 729.0 1093.0 1639.0 2458.0 3687.0
102.0 153.0 229.0 343.0 514.0 771.0 1156.0 1734.0 2601.0 3901.0 102.0 153.0 229.0 343.0 514.0 771.0 1156.0 1734.0 2601.0 3901.0 102.0 153.0 229.0 343.0 514.0 771.0 1156.0 1734.0 2601.0 3901.0
109.0 163.0 244.0 366.0 549.0 823.0 1234.0 1851.0 2776.0 4164.0 109.0 163.0 244.0 366.0 549.0 823.0 1234.0 1851.0 2776.0 4164.0 109.0 163.0 244.0 366.0 549.0 823.0 1234.0 1851.0 2776.0 4164.0
115.0 172.0 258.0 387.0 580.0 870.0 1305.0 1957.0 2935.0 4402.0 115.0 172.0 258.0 387.0 580.0 870.0 1305.0 1957.0 2935.0 4402.0 115.0 172.0 258.0 387.0 580.0 870.0 1305.0 1957.0 2935.0 4402.0
